[[0.         0.         0.         0.         0.         0.
  0.         0.         0.         0.         0.         0.        ]
 [0.35380321 0.         0.         0.         0.         0.
  0.         0.         0.         0.         0.         0.        ]
 [0.30312036 0.41293532 0.         0.         0.         0.
  0.         0.         0.         0.         0.         0.        ]
 [0.26571201 0.29340893 0.27054264 0.         0.         0.
  0.         0.         0.         0.         0.         0.        ]
 [0.27492212 0.27365555 0.26787058 0.22052927 0.         0.
  0.         0.         0.         0.         0.         0.        ]
 [0.22101751 0.23760933 0.20574163 0.24791859 0.21515679 0.
  0.         0.         0.         0.         0.         0.        ]
 [0.30842491 0.39118457 0.40752111 0.27947933 0.26157237 0.2352
  0.         0.         0.         0.         0.         0.        ]
 [0.29626973 0.35614618 0.30818054 0.36561743 0.25759768 0.23422713
  0.32235459 0.         0.         0.         0.         0.        ]
 [0.26356589 0.32669039 0.28680982 0.26778243 0.24085851 0.20590791
  0.2732688  0.30052592 0.         0.         0.         0.        ]
 [0.20600414 0.18158784 0.13896714 0.14379085 0.1322314  0.13530135
  0.14958449 0.14777879 0.16970999 0.         0.         0.        ]
 [0.30674847 0.32377049 0.30066815 0.25612648 0.25479662 0.24531516
  0.30600293 0.27652051 0.22867925 0.14243615 0.         0.        ]
 [0.32151118 0.30913978 0.28989751 0.29578606 0.25381098 0.25063721
  0.30567686 0.29181495 0.26291442 0.14550781 0.31187739 0.        ]]
